dataset;model;epochs;local_ep;num_clients;iid;p;opt;n_data;frac;lr;train_gate_only;val_acc_avg_e2e;val_acc_avg_e2e_neighbour;val_acc_avg_locals;val_acc_avg_fedavg;ft_val_acc;val_acc_avg_3;val_acc_avg_rep;val_acc_avg_repft;ft_train_acc;train_acc_avg_locals;val_acc_avg_gateonly;localtest_acc_fedavg;localtest_acc_local;localtest_acc_ft;localtest_acc_e2e;test_acc_fedavg;test_acc_local;test_acc_ft;test_acc_e2e;overlap;alpha;freeze;run
cifar10;cnn;20;2;10;False;0.3;0.5;100;0.1;0.005;True;24.6;nan;23.6;8.4;24.2;nan;nan;nan;34.4;36.0;nan;9.5;23.7;22.6;22.6;9.5;18.6;16.5;15.95999984741211;False
cifar10;cnn;20;2;10;False;0.3;0.5;100;0.1;0.005;True;21.2;nan;23.2;6.7;18.4;nan;nan;nan;25.0;31.6;nan;7.8;25.0;21.7;21.7;7.599999904632568;19.439999961853026;15.739999961853027;16.580000114440917;False
cifar10;cnn;20;2;10;False;0.3;0.5;100;0.1;0.005;True;20.0;nan;24.3;7.6;20.4;nan;nan;nan;29.2;38.0;nan;9.0;23.3;19.2;19.2;7.199999809265137;21.839999771118165;17.660000228881835;17.200000190734862;False
cifar10;cnn;20;2;10;False;0.3;0.5;100;0.1;0.005;True;22.5;nan;23.2;8.5;21.3;nan;nan;nan;30.8;32.8;nan;7.5;22.5;21.8;21.8;8.300000190734863;18.18000030517578;17.079999923706055;16.560000038146974;False
cifar10;cnn;20;2;10;False;0.3;0.5;100;0.1;0.005;True;19.95;nan;20.7;9.05;19.45;nan;nan;nan;30.9;31.9;nan;7.55;21.95;19.7;19.7;9.199999809265137;17.780000114440917;16.249999904632567;16.910000038146972;False
cifar10;cnn;20;2;10;False;0.3;0.5;100;0.1;0.005;True;20.0;nan;21.7;8.9;19.3;nan;nan;nan;33.4;35.8;nan;8.2;23.3;19.3;19.3;9.800000190734863;19.08000030517578;17.14000015258789;17.400000190734865;False
cifar10;cnn;20;2;10;False;0.3;0.5;100;0.1;0.005;True;20.9;nan;20.7;8.35;20.05;nan;nan;nan;28.1;34.2;nan;7.95;21.2;20.85;20.85;9.0;17.670000076293945;16.029999923706054;16.02999973297119;False
cifar10;cnn;20;2;10;False;0.3;0.5;100;0.1;0.005;True;24.3;nan;22.2;9.9;23.0;nan;nan;nan;33.6;33.2;nan;8.0;23.4;23.6;23.6;8.300000190734863;19.020000076293947;18.64000015258789;19.36000003814697;False
cifar10;cnn;20;2;10;False;0.3;0.5;100;0.1;0.005;True;21.0;nan;22.7;8.8;20.7;nan;nan;nan;28.1;32.7;nan;9.0;24.65;21.25;21.25;10.5;19.410000133514405;16.67999973297119;17.170000076293945;False
cifar10;cnn;20;2;10;False;0.3;0.5;100;0.1;0.005;True;22.8;nan;23.9;8.8;21.95;nan;nan;nan;28.3;35.9;nan;9.0;24.9;22.0;22.0;9.5;19.21999979019165;17.900000286102294;18.339999961853028;False
cifar10;cnn;20;2;10;False;0.3;0.5;100;0.1;0.005;True;21.7;nan;20.45;8.4;21.3;nan;nan;nan;29.6;29.7;nan;8.7;22.45;20.5;20.5;7.599999904632568;18.439999961853026;16.800000286102296;16.80999994277954;False
cifar10;cnn;20;2;10;False;0.3;0.5;100;0.1;0.005;True;21.95;nan;20.0;8.4;22.1;nan;nan;nan;27.6;29.2;nan;8.7;22.35;20.25;20.25;10.0;17.719999885559083;16.909999942779542;17.059999847412108;False
cifar10;cnn;20;2;10;False;0.3;0.5;100;0.1;0.005;True;22.25;nan;18.8;8.25;20.5;nan;nan;nan;28.1;27.5;nan;9.35;22.9;22.3;22.3;9.399999618530273;17.44999990463257;16.559999847412108;16.870000076293945;False
cifar10;cnn;20;2;10;False;0.3;0.5;100;0.1;0.005;True;21.95;nan;18.8;8.25;20.4;nan;nan;nan;29.9;28.7;nan;9.35;22.9;21.7;21.7;10.100000381469727;17.28000020980835;16.420000076293945;16.630000114440918;False
cifar10;cnn;20;2;10;False;0.3;0.5;100;0.1;0.005;True;20.15;nan;19.1;8.6;18.6;nan;nan;nan;26.2;30.9;nan;8.35;21.55;20.0;20.0;7.599999904632568;18.360000228881837;17.09000015258789;16.320000171661377;False
cifar10;cnn;20;2;10;False;0.3;0.5;100;0.1;0.005;True;20.75;nan;22.2;8.6;19.4;nan;nan;nan;25.7;34.5;nan;8.35;22.45;21.45;21.45;9.300000190734863;19.079999923706055;16.939999866485596;16.939999866485596;False
cifar10;cnn;20;2;10;False;0.3;0.5;100;0.1;0.005;True;22.35;nan;23.25;9.75;21.25;nan;nan;nan;31.4;33.4;nan;9.0;24.1;22.0;22.0;10.199999809265137;19.3399995803833;17.30999994277954;16.849999713897706;False
cifar10;cnn;20;2;10;False;0.3;0.5;100;0.1;0.005;True;22.05;nan;23.5;9.75;21.05;nan;nan;nan;31.3;31.8;nan;9.0;23.95;21.25;21.25;9.300000190734863;19.20999994277954;16.90000009536743;16.510000133514403;False
cifar10;cnn;20;2;10;False;0.3;0.5;100;0.1;0.005;True;22.15;nan;23.05;9.0;21.35;nan;nan;nan;26.8;33.7;nan;8.45;21.95;21.35;21.4;11.300000190734863;18.220000171661376;16.05999994277954;15.899999904632569;False
cifar10;cnn;20;2;10;False;0.3;0.5;100;0.1;0.005;True;23.625;nan;21.8125;8.6875;21.5625;nan;nan;nan;28.375;30.75;nan;8.625;21.875;22.125;22.125;9.5;18.18749976158142;16.649999856948853;16.862500190734863;False
